335      -1416.475       587.9759
  136       -1069.96       743.9892
  334      -1414.878          274.5
  331      -1416.914      -785.3813
  330      -1417.001      -1170.091
  132      -1072.518      -949.8227
  133      -1073.549      -490.4602
  135      -1071.712       364.2885
  346      -595.9598       838.4925
  224       -531.493       526.6056
  344      -596.0437       286.5066
  223      -531.5579       73.42105
  462      -431.9278      -106.4667
  452      -892.9447      -109.5075
  377       1411.408       1258.633
  374       1421.886       318.0682
  375       1419.024       631.5449
  376       1416.962       949.2692
  373       1425.031        -6.9375
  372       1422.397      -316.7586
  371       1422.584      -626.8539
  370       1421.625       -924.723
  161       1524.531       -1129.43
  162       1523.934      -757.4286
  163       1523.262      -355.0471
  164       1523.538       29.30409
  165       1521.059       408.9916
  166       1518.874       813.2646
  167       1515.072       1190.803
  158       729.4275       1365.771
  156       733.7767        629.699
  154       738.4308      -8.746154
  364       890.9041       335.9178
  365       885.4639       674.9639
  366       885.9536        1012.49
  367       880.4646       1331.444
  357       254.5569       1125.036
  356       255.4314       794.9804
  355       256.7236       523.2439
  354       256.9406       259.4554
  353       257.4514      -13.45714
  142        -44.975      -885.9321
  450      -898.6703      -1107.311
  460      -434.9888       -1072.36
  221      -533.4854      -817.8107
  343      -597.9581      -4.437126
  342      -598.0302      -373.2315
  337      -1406.919       1228.528
  430      -1974.187      -1193.148