  163       1523.262      -355.0471
  164       1523.538       29.30409
  165       1521.059       408.9916
  166       1518.874       813.2646
  167       1515.072       1190.803
  158       729.4275       1365.771
  156       733.7767        629.699
  154       738.4308      -8.746154
  364       890.9041       335.9178
  365       885.4639       674.9639
  366       885.9536        1012.49
  367       880.4646       1331.444
  357       254.5569       1125.036
  356       255.4314       794.9804
  355       256.7236       523.2439
  354       256.9406       259.4554
  353       257.4514      -13.45714
  142        -44.975      -885.9321
  450      -898.6703      -1107.311
  460      -434.9888       -1072.36
  221      -533.4854      -817.8107
  343      -597.9581      -4.437126
  342      -598.0302      -373.2315
  337      -1406.919       1228.528
  430      -1974.187      -1193.148