   31      -390.5007      -507.4908
   42      -73.64596       -779.058
   43      -66.98434       -1140.19
   53       288.2692      -1153.577
   33           -393      -1109.087
   52        276.992       -794.552
   51       274.0792      -517.5743
   61       541.6322      -507.3098
   71       629.9107      -473.0298
   62       534.5509      -789.2003
   72       620.6047      -762.3194
   63       537.5248       -1089.62
   63       537.5248       -1089.62
   41      -74.47283      -524.8451