332	5945.998414	1850.600749	-505.041047
333	5944.747988	1849.666267	-136.297124
334	5944.503487	1851.022214	166.382547
335	5943.682087	1847.247288	474.565936
336	5943.725005	1849.831551	774.002869
454	7023.583636	2682.227284	971.56844
156	4866.43171	3644.90487	483.34694
155	4866.82853	3644.14665	182.44526
154	4866.18976	3645.40537	-115.52294
144	4871.315637	2847.821004	-117.051862
145	4871.725318	2849.184065	180.009507
146	4872.005462	2847.740988	488.784413
223	5258.330814	2533.782298	-40.586188
0              0                              0                              0
0              0                              0                              0
0              0                              0                              0
0              0                              0                              0
0              0                              0                              0