332      -1101.016       -369.512
333      -1101.189      -32.92803
334        -1097.8          246.1
335       -1098.09        528.459
336      -1091.951       800.0437
454      -99.54857       848.4771
156       339.0833       731.9643
155       339.4937       358.5063
154       338.9322      -7.423729
144      -589.8989      -6.904255
145      -586.2113       344.3099
 146      -584.9884        704.439
 223      -758.5254       71.62712
 52           -965           -820
 63      -587.3403      -1179.634
 61       -597.337      -546.5092
 71      -266.7676      -523.2285
 72      -266.0074      -843.1696