  332      -1417.453        -408.54
  333      -1418.493      -34.50725
  334      -1415.405            276
  335      -1417.431       588.0359
  336      -1411.465       889.5097
  454      -876.0657       859.4394
  156       733.5352       628.7042
  155       734.6056       307.6704
  154       737.8684      -9.552632
  144      -42.01786      -9.785714
  145      -43.75758       331.4091
  146      -42.77015       685.2507
  223      -530.4348       72.08696
  52        276.992       -794.552
  63       537.5248       -1089.62
  61       541.6322      -507.3098
  71       629.9107      -473.0298
  72       620.6047      -762.3194