335      -1416.475       587.9759
  136       -1069.96       743.9892
  334      -1414.878          274.5
  331      -1416.914      -785.3813
  330      -1417.001      -1170.091
  132      -1072.518      -949.8227
  133      -1073.549      -490.4602
  135      -1071.712       364.2885
  346      -595.9598       838.4925
  224       -531.493       526.6056
  344      -596.0437       286.5066
  223      -531.5579       73.42105
  462      -431.9278      -106.4667
  452      -892.9447      -109.5075
  377       1411.408       1258.633
  374       1421.886       318.0682
  375       1419.024       631.5449
  376       1416.962       949.2692
  373       1425.031        -6.9375
  372       1422.397      -316.7586
  371       1422.584      -626.8539
  370       1421.625       -924.723
  161       1524.531       -1129.43
  162       1523.934      -757.4286