  332      -1101.262      -370.2052
  210       -2013.57      -1102.271
  134      -1528.843      -7.097125
  422      -1435.637       -102.625
  333      -1100.515      -32.54505
  432      -1039.318      -108.1906
  222      -762.0553       -364.513
  146      -585.4928       705.0566
  147      -581.9194       1050.001
  225      -751.4055       955.3712
  226      -748.8063       1366.182
  337      -1089.942       1104.461
  336      -1093.746       798.1594
  335      -1098.504       525.6667
  340      -369.0389      -1097.617
  342      -366.1346      -373.0935
  343      -365.9909      -6.841254
  344      -363.5539       284.6027
  346      -361.9004       833.2426
  454      -98.83254       846.7909
  452      -116.4293      -110.6067
  451           -115           -592
  350       575.8132       -1150.41
  470       888.0721      -1146.646
  153       339.4519      -488.2649
  155       337.9824       359.2104
  355       582.8321       584.3574
  356       582.4203       888.3917
  357        580.603       1256.615
  157       340.0159       1096.159
  156            340            731
  351            580           -770
  471            874           -624
  472       876.6738       -119.405
  352       582.1295      -393.7799
  353       583.0307       -14.8935
  354            583            292
  132          -1536           -855
  133      -1534.578      -442.6382
  135      -1528.277       325.6631
  330      -1100.825      -1056.438
  331          -1101           -710
  433          -1030            352
  322      -1814.324      -329.7279
  323       -1812.32      0.7127784
  325      -1804.752        694.732
  334          -1097            245
  434      -1027.862       809.2352
  137      -1521.592       1003.849
  326      -1801.042       1034.398
  212      -2010.765      -321.0328
  213      -2008.008       48.24554
  214          -2004            431
  215      -1999.421       821.8694
  216      -1995.419       1191.344
  144           -590             -8
  224           -756            515
  145           -586            342
  347      -357.9458       1199.226
  345           -364            558
  341           -367           -731
  474       853.3485       882.4139