  332      -1101.262      -370.2052
  210       -2013.57      -1102.271
  134      -1528.843      -7.097125
  422      -1435.637       -102.625
  333      -1100.515      -32.54505
  432      -1039.318      -108.1906
  222      -762.0553       -364.513
  146      -585.4928       705.0566
  147      -581.9194       1050.001
  225      -751.4055       955.3712
  226      -748.8063       1366.182
  337      -1089.942       1104.461
  336      -1093.746       798.1594
  335      -1098.504       525.6667
  340      -369.0389      -1097.617
  342      -366.1346      -373.0935
  343      -365.9909      -6.841254
  344      -363.5539       284.6027
  346      -361.9004       833.2426
  454      -98.83254       846.7909
  452      -116.4293      -110.6067
  451           -115           -592
  350       575.8132       -1150.41
  470       888.0721      -1146.646
  153       339.4519      -488.2649
  155       337.9824       359.2104
  355       582.8321       584.3574
  356       582.4203       888.3917
  357        580.603       1256.615
  157       340.0159       1096.159
  156            340            731