  351            580           -770
  471            874           -624
  472       876.6738       -119.405
  352       582.1295      -393.7799
  353       583.0307       -14.8935
  354            583            292
  132          -1536           -855
  133      -1534.578      -442.6382
  135      -1528.277       325.6631
  330      -1100.825      -1056.438
  331          -1101           -710
  433          -1030            352
  322      -1814.324      -329.7279
  323       -1812.32      0.7127784
  325      -1804.752        694.732
  334          -1097            245
  434      -1027.862       809.2352
  137      -1521.592       1003.849
  326      -1801.042       1034.398
  212      -2010.765      -321.0328
  213      -2008.008       48.24554
  214          -2004            431
  215      -1999.421       821.8694
  216      -1995.419       1191.344
  144           -590             -8
  224           -756            515
  145           -586            342
  347      -357.9458       1199.226
  345           -364            558
  341           -367           -731
  474       853.3485       882.4139