单位权中误差  1.00007
内方位元素  -0.188526  0.126362  27.3995  27.3989
外方位元素  -75276.7  45948.3  123.072  -1.5559  0.000398635  -1.56478
畸变改正系数和中误差  0.000144861  0.00280926
-3.66989e-07  1.87514e-05
0.00010492  0.00638851
1.80401e-05  0.00524598
直接线性变换和中误差  
1  -0.0110916  10.000123463
2  0.0243661  20.00027226
3  -4.84993e-08  31.03853e-05
4  -16.4084  40.202702
5  -0.000220257  51.2351e-05
6  -9.66487e-05  67.26497e-06
7  0.0267698  70.000298338
8  4.27434  80.0841459
9  -0.000891952  98.791e-06
10  -0.000398635  105.29054e-06
11  -1.32843e-05  113.59921e-06
像点观测值残差  
点号  x方向残差  y方向残差
335  1.45734  -0.608754
136  1.34584  -0.933975
334  1.45673  -0.281178
331  1.46509  0.810758
330  1.46717  1.20533
132  1.35018  1.20041
133  1.35125  0.619178
135  1.35123  -0.457417
346  0.576174  -0.808876
224  0.58756  -0.578204
344  0.575754  -0.271959
223  0.585704  -0.0831821
462  0.339918  0.0811264
452  0.73343  0.089323
377  -1.13665  -1.01458
374  -1.15199  -0.257648
375  -1.15077  -0.510511
376  -1.15174  -0.768951
373  -1.1585  0.00792821
372  -1.15198  0.258316
371  -1.15104  0.50633
370  -1.15221  0.751628
161  -1.53638  1.14077
162  -1.53693  0.759756
163  -1.52691  0.353935
164  -1.53025  -0.0323601
165  -1.52787  -0.410809
166  -1.52722  -0.817789
167  -1.52613  -1.18452
158  -0.788069  -1.48178
156  -0.789101  -0.679072
154  -0.803749  0.00460518
364  -0.761913  -0.289384
365  -0.746714  -0.573018
366  -0.754001  -0.860173
367  -0.746011  -1.13184
357  -0.224687  -1.01486
356  -0.22628  -0.717464
355  -0.230755  -0.474219
354  -0.230757  -0.228581
353  -0.230938  0.0130286
142  0.052126  1.03166
450  0.743643  0.912602
460  0.338536  0.863774
221  0.589351  0.90715
343  0.576792  -0.000633041
342  0.578447  0.361431
337  1.44436  -1.26078
430  1.77224  1.06633
