外精度  1.18892
x方向精度  0.979462
y方向精度  1.75171
z方向精度  0.782998
解求出来的检查点物方坐标    332  5945.23  1851.06  -504.924
实际情况下的检查点物方坐标  332  5946  1850.6  -505.041
解求出来的检查点物方坐标    333  5944.2  1849.08  -137.466
实际情况下的检查点物方坐标  333  5944.75  1849.67  -136.297
解求出来的检查点物方坐标    334  5944.21  1850.71  167.757
实际情况下的检查点物方坐标  334  5944.5  1851.02  166.383
解求出来的检查点物方坐标    335  5945.29  1846.97  476.372
实际情况下的检查点物方坐标  335  5943.68  1847.25  474.566
解求出来的检查点物方坐标    336  5946.48  1850.57  775.397
实际情况下的检查点物方坐标  336  5943.73  1849.83  774.003
解求出来的检查点物方坐标    454  7023.67  2681.21  972.465
实际情况下的检查点物方坐标  454  7023.58  2682.23  971.568
解求出来的检查点物方坐标    156  4867.58  3644.37  483.584
实际情况下的检查点物方坐标  156  4866.43  3644.9  483.347
解求出来的检查点物方坐标    155  4869.22  3644.77  181.511
实际情况下的检查点物方坐标  155  4866.83  3644.15  182.445
解求出来的检查点物方坐标    154  4866.51  3645.63  -114.556
实际情况下的检查点物方坐标  154  4866.19  3645.41  -115.523
解求出来的检查点物方坐标    144  4867.94  2849.22  -116.499
实际情况下的检查点物方坐标  144  4871.32  2847.82  -117.052
解求出来的检查点物方坐标    145  4871.66  2849.28  180.687
实际情况下的检查点物方坐标  145  4871.73  2849.18  180.01
解求出来的检查点物方坐标    146  4869.08  2849.13  488.036
实际情况下的检查点物方坐标  146  4872.01  2847.74  488.784
解求出来的检查点物方坐标    223  5257.05  2534.81  -40.5155
实际情况下的检查点物方坐标  223  5258.33  2533.78  -40.5862
物方差值  0.904756
物方差值  1.41927
物方差值  1.43775
物方差值  2.43122
物方差值  3.17108
物方差值  1.35738
物方差值  1.2935
物方差值  2.64127
物方差值  1.04316
物方差值  3.69762
物方差值  0.686257
物方差值  3.32271
物方差值  1.64364
待定点坐标  52  4200.65  2814.62  -711.157  
待定点坐标  63  4268.58  3081.31  -969.482  
待定点坐标  61  4256.16  3076.4  -509.581  
待定点坐标  71  4440.21  3268.75  -503.108  
待定点坐标  72  4451.44  3267.04  -744.085  
待定点距离  63  27.8176
待定点距离  61  27.4186
待定点距离  71  28.7712
待定点距离  72  28.9533
